100
497.84439 1.47989 1991.15889
497.49316 1.33527 1979.22502
490.51877 1.46899 1972.07056
113.29599 2.7 829.13131
389.00000 2.00000 778.00000
454.00000 2.00000 908.00000
151.73385 2.72623 129.66725
419.0 3.0 397.0
492.35150 1.00677 1934.90029
121.0 2.0 207.0
448.0 3.0 1810.0
493.98494 1.15199 1971.49542
492.72552 1.32024 1944.69646
478.68719 2.54434 1656.80602
243.0 4.0 1507.0
240.0 4.0 1570.0
77.11313 1.48718 1399.62935
141.6239 3.94 1852.34
493.65698 1.41588 1949.63856
492.96835 1.16475 1937.85592
328.0 1.0 626.0
498.60725 1.40089 1905.88090
325.00000 2.00000 347.00000
492.96248 1.49069 1990.97097
308.13567 1.42700 1959.02069
141.0 2.0 787.0
70.00000 2.00000 140.00000
41.79713 1.22360 156.35993
491.03880 1.41945 1911.86110
17.0 3.17192 1.0000
70.26934 2.22098 258.87227
47.17087 1.81173 1649.41575
493.97919 1.39897 1901.99801
365.63857 3.22716 1964.53759
492.62995 1.48667 1952.31035
11.0 3.0 1648.0
331.72247 3.9 454.749
1.04349 3.69376 1999.45450
495.20508 1.10781 1967.25956
496.33288 1.22216 1920.44106
351.54783 2.07788 142.63986
498.05826 1.49523 1980.61828
489.00000 4.00000 507.00000
1.04697 3.37125 2.58366
1.03508 3.88235 1999.91425
1.000 1.9 1595.0
492.24923 1.09854 1923.91058
128.32975 2.56999 1402.97300
420.00000 4.00000 456.00000
494.52793 1.30462 1953.28297
498.83600 1.16495 1945.01833
490.02559 1.33252 1955.78733
500.0 2.0530 2.10
498.32433 1.42209 1950.82211
1.08522 3.30020 1999.16170
431.67395 2.51886 805.64998
318.82157 1.88125 802.41104
85.0 4.0 1773.96444
496.04128 1.19353 1971.51010
498.46202 1.09961 1987.39010
134.87551 1.21079 372.49795
490.54893 1.49576 1965.46470
296.34 3.0 1811.6640
330.00000 3.00000 369.00000
498.72162 1.02752 1927.24323
290.0 4.0 938.0
101.3699 3.056 1619.452
193.19936 1.19112 381.14967
195.96346 1.93947 1056.55135
494.53091 1.16309 1987.86905
440.5706 1.64763 1614.16250
420.29218 1.0 542.34761
435.0 3.0 1039.0
114.189 1.07 1676.0
492.80004 1.44828 1987.81518
175.39723 3.85597 1392.43395
387.36486 3.41472 203.55930
466.56968 1.96468 941.13891
260.736 1.09 1212.73006
53.00000 2.00000 106.00000
490.11456 1.07645 1973.47778
356.0 4.0 1930.0
484.0 3.0 430.0
355.9 1.0 276.4376
289.12117 3.94712 1787.84280
49.0 2.0 635.0
16.0 3.0 193.0
495.55975 1.44403 1946.06502
495.34659 1.18536 1986.11007
1.07624 3.68736 1999.63114
292.31 2.1 292.73385
493.60247 1.33326 1946.16535
99.65822 2.03322 1147.32433
42.47 2.63 2000.0
468.252 2.0575 138.91
495.94586 1.08561 1943.55399
299.4111 1.3 1309.36825
493.91372 1.20039 1936.86230
497.93588 1.20741 1939.81581
497.46917 1.04455 1963.48200
